{
 "cells": [
  {
   "cell_type": "markdown",
   "id": "ff88c349-cd4f-4337-bfa4-2029749fa303",
   "metadata": {},
   "source": [
    "### Dataset Overview\n",
    "\n",
    "This dataset contains historical daily stock price data of Tesla.\n",
    "\n",
    "It includes basic market information such as opening price, closing price,\n",
    "daily high/low, and trading volume.  \n",
    "The data will be used to understand price behavior before modeling.\n",
    "\n"
   ]
  },
  {
   "cell_type": "code",
   "execution_count": 26,
   "id": "4804cd70-a9b4-451c-80e1-3fa288d8167c",
   "metadata": {},
   "outputs": [],
   "source": [
    "import pandas as pd\n",
    "import numpy as np\n"
   ]
  },
  {
   "cell_type": "code",
   "execution_count": 27,
   "id": "af1beee8-b7d0-4f50-8445-27a75441483d",
   "metadata": {},
   "outputs": [],
   "source": [
    "df = pd.read_csv(\"/Users/ganeshpokharel/projects/Tesla-Stock-Market-Analysis-and-Prediction/data/raw/tesla_stock_raw.csv\")"
   ]
  },
  {
   "cell_type": "code",
   "execution_count": 28,
   "id": "e9e6f554-c398-49f7-a749-4caf784239f0",
   "metadata": {},
   "outputs": [
    {
     "data": {
      "text/html": [
       "<div>\n",
       "<style scoped>\n",
       "    .dataframe tbody tr th:only-of-type {\n",
       "        vertical-align: middle;\n",
       "    }\n",
       "\n",
       "    .dataframe tbody tr th {\n",
       "        vertical-align: top;\n",
       "    }\n",
       "\n",
       "    .dataframe thead th {\n",
       "        text-align: right;\n",
       "    }\n",
       "</style>\n",
       "<table border=\"1\" class=\"dataframe\">\n",
       "  <thead>\n",
       "    <tr style=\"text-align: right;\">\n",
       "      <th></th>\n",
       "      <th>Date</th>\n",
       "      <th>Open</th>\n",
       "      <th>High</th>\n",
       "      <th>Low</th>\n",
       "      <th>Close</th>\n",
       "      <th>Volume</th>\n",
       "      <th>Adj Close</th>\n",
       "    </tr>\n",
       "  </thead>\n",
       "  <tbody>\n",
       "    <tr>\n",
       "      <th>0</th>\n",
       "      <td>6/29/2010</td>\n",
       "      <td>19.000000</td>\n",
       "      <td>25.00</td>\n",
       "      <td>17.540001</td>\n",
       "      <td>23.889999</td>\n",
       "      <td>18766300</td>\n",
       "      <td>23.889999</td>\n",
       "    </tr>\n",
       "    <tr>\n",
       "      <th>1</th>\n",
       "      <td>6/30/2010</td>\n",
       "      <td>25.790001</td>\n",
       "      <td>30.42</td>\n",
       "      <td>23.299999</td>\n",
       "      <td>23.830000</td>\n",
       "      <td>17187100</td>\n",
       "      <td>23.830000</td>\n",
       "    </tr>\n",
       "    <tr>\n",
       "      <th>2</th>\n",
       "      <td>7/1/2010</td>\n",
       "      <td>25.000000</td>\n",
       "      <td>25.92</td>\n",
       "      <td>20.270000</td>\n",
       "      <td>21.959999</td>\n",
       "      <td>8218800</td>\n",
       "      <td>21.959999</td>\n",
       "    </tr>\n",
       "    <tr>\n",
       "      <th>3</th>\n",
       "      <td>7/2/2010</td>\n",
       "      <td>23.000000</td>\n",
       "      <td>23.10</td>\n",
       "      <td>18.709999</td>\n",
       "      <td>19.200001</td>\n",
       "      <td>5139800</td>\n",
       "      <td>19.200001</td>\n",
       "    </tr>\n",
       "    <tr>\n",
       "      <th>4</th>\n",
       "      <td>7/6/2010</td>\n",
       "      <td>20.000000</td>\n",
       "      <td>20.00</td>\n",
       "      <td>15.830000</td>\n",
       "      <td>16.110001</td>\n",
       "      <td>6866900</td>\n",
       "      <td>16.110001</td>\n",
       "    </tr>\n",
       "  </tbody>\n",
       "</table>\n",
       "</div>"
      ],
      "text/plain": [
       "        Date       Open   High        Low      Close    Volume  Adj Close\n",
       "0  6/29/2010  19.000000  25.00  17.540001  23.889999  18766300  23.889999\n",
       "1  6/30/2010  25.790001  30.42  23.299999  23.830000  17187100  23.830000\n",
       "2   7/1/2010  25.000000  25.92  20.270000  21.959999   8218800  21.959999\n",
       "3   7/2/2010  23.000000  23.10  18.709999  19.200001   5139800  19.200001\n",
       "4   7/6/2010  20.000000  20.00  15.830000  16.110001   6866900  16.110001"
      ]
     },
     "execution_count": 28,
     "metadata": {},
     "output_type": "execute_result"
    }
   ],
   "source": [
    "df.head()"
   ]
  },
  {
   "cell_type": "code",
   "execution_count": 24,
   "id": "ddb68ead-f22d-4b31-a7ff-a41092d8cbe0",
   "metadata": {},
   "outputs": [
    {
     "data": {
      "text/plain": [
       "(1692, 7)"
      ]
     },
     "execution_count": 24,
     "metadata": {},
     "output_type": "execute_result"
    }
   ],
   "source": [
    "df.shape"
   ]
  },
  {
   "cell_type": "markdown",
   "id": "d57490c3-311a-4076-8ec7-93041192cc70",
   "metadata": {},
   "source": [
    "### Dataset Size\n",
    "\n",
    "The dataset contains **1692 rows and 7 columns**, representing\n",
    "1692 trading days of Tesla stock data."
   ]
  },
  {
   "cell_type": "code",
   "execution_count": 25,
   "id": "1082a5a5-fbc1-4a4b-90e1-9fbec1f05040",
   "metadata": {},
   "outputs": [
    {
     "data": {
      "text/plain": [
       "Index(['Date', 'Open', 'High', 'Low', 'Close', 'Volume', 'Adj Close'], dtype='str')"
      ]
     },
     "execution_count": 25,
     "metadata": {},
     "output_type": "execute_result"
    }
   ],
   "source": [
    "df.columns"
   ]
  },
  {
   "cell_type": "markdown",
   "id": "e574f16f-47fb-41a9-921d-fc7fc9398fee",
   "metadata": {},
   "source": [
    "### Column Description\n",
    "\n",
    "The dataset contains 7 columns related to daily stock market information:\n",
    "\n",
    "- **Date**: Trading date\n",
    "- **Open**: Opening price of the stock\n",
    "- **High**: Highest price during the day\n",
    "- **Low**: Lowest price during the day\n",
    "- **Close**: Closing price of the stock\n",
    "- **Volume**: Number of shares traded\n",
    "- **Adj Close**: Adjusted closing price (after splits/dividends)\n"
   ]
  },
  {
   "cell_type": "code",
   "execution_count": 29,
   "id": "149513d3-51de-437b-b144-45f45a4c24e8",
   "metadata": {},
   "outputs": [
    {
     "name": "stdout",
     "output_type": "stream",
     "text": [
      "<class 'pandas.DataFrame'>\n",
      "RangeIndex: 1692 entries, 0 to 1691\n",
      "Data columns (total 7 columns):\n",
      " #   Column     Non-Null Count  Dtype  \n",
      "---  ------     --------------  -----  \n",
      " 0   Date       1692 non-null   str    \n",
      " 1   Open       1692 non-null   float64\n",
      " 2   High       1692 non-null   float64\n",
      " 3   Low        1692 non-null   float64\n",
      " 4   Close      1692 non-null   float64\n",
      " 5   Volume     1692 non-null   int64  \n",
      " 6   Adj Close  1692 non-null   float64\n",
      "dtypes: float64(5), int64(1), str(1)\n",
      "memory usage: 92.7 KB\n"
     ]
    }
   ],
   "source": [
    "df.info()"
   ]
  },
  {
   "cell_type": "markdown",
   "id": "c6282acb-caea-431c-adee-b3968a541aff",
   "metadata": {},
   "source": [
    "### Data Types and Missing Values\n",
    "\n",
    "The dataset contains 1692 records with no missing values in any column.\n",
    "\n",
    "- Price-related columns (Open, High, Low, Close, Adj Close) are stored as float values.\n",
    "- Volume is stored as an integer.\n",
    "- Date column is currently in string format and will be converted to datetime later.\n",
    "\n",
    "Overall, the dataset is clean and ready for further analysis.\n"
   ]
  },
  {
   "cell_type": "code",
   "execution_count": null,
   "id": "2c78b3be-ae36-40ab-b745-db864bc59ce5",
   "metadata": {},
   "outputs": [],
   "source": []
  },
  {
   "cell_type": "code",
   "execution_count": 30,
   "id": "e9fddcae-5a6a-4f02-93ab-b40d0be8b044",
   "metadata": {},
   "outputs": [],
   "source": [
    "df[\"Date\"]= pd.to_datetime(df[\"Date\"])"
   ]
  },
  {
   "cell_type": "code",
   "execution_count": 33,
   "id": "5c5eb503-cedf-400d-af81-f69a8ed2e61d",
   "metadata": {},
   "outputs": [],
   "source": [
    "df= df.sort_values(\"Date\").reset_index(drop=True)"
   ]
  },
  {
   "cell_type": "code",
   "execution_count": 34,
   "id": "290c3d77-93ee-451a-b0b2-9c031537f214",
   "metadata": {},
   "outputs": [
    {
     "data": {
      "text/html": [
       "<div>\n",
       "<style scoped>\n",
       "    .dataframe tbody tr th:only-of-type {\n",
       "        vertical-align: middle;\n",
       "    }\n",
       "\n",
       "    .dataframe tbody tr th {\n",
       "        vertical-align: top;\n",
       "    }\n",
       "\n",
       "    .dataframe thead th {\n",
       "        text-align: right;\n",
       "    }\n",
       "</style>\n",
       "<table border=\"1\" class=\"dataframe\">\n",
       "  <thead>\n",
       "    <tr style=\"text-align: right;\">\n",
       "      <th></th>\n",
       "      <th>Date</th>\n",
       "      <th>Open</th>\n",
       "      <th>High</th>\n",
       "      <th>Low</th>\n",
       "      <th>Close</th>\n",
       "      <th>Volume</th>\n",
       "      <th>Adj Close</th>\n",
       "    </tr>\n",
       "  </thead>\n",
       "  <tbody>\n",
       "    <tr>\n",
       "      <th>0</th>\n",
       "      <td>2010-06-29</td>\n",
       "      <td>19.000000</td>\n",
       "      <td>25.00</td>\n",
       "      <td>17.540001</td>\n",
       "      <td>23.889999</td>\n",
       "      <td>18766300</td>\n",
       "      <td>23.889999</td>\n",
       "    </tr>\n",
       "    <tr>\n",
       "      <th>1</th>\n",
       "      <td>2010-06-30</td>\n",
       "      <td>25.790001</td>\n",
       "      <td>30.42</td>\n",
       "      <td>23.299999</td>\n",
       "      <td>23.830000</td>\n",
       "      <td>17187100</td>\n",
       "      <td>23.830000</td>\n",
       "    </tr>\n",
       "    <tr>\n",
       "      <th>2</th>\n",
       "      <td>2010-07-01</td>\n",
       "      <td>25.000000</td>\n",
       "      <td>25.92</td>\n",
       "      <td>20.270000</td>\n",
       "      <td>21.959999</td>\n",
       "      <td>8218800</td>\n",
       "      <td>21.959999</td>\n",
       "    </tr>\n",
       "    <tr>\n",
       "      <th>3</th>\n",
       "      <td>2010-07-02</td>\n",
       "      <td>23.000000</td>\n",
       "      <td>23.10</td>\n",
       "      <td>18.709999</td>\n",
       "      <td>19.200001</td>\n",
       "      <td>5139800</td>\n",
       "      <td>19.200001</td>\n",
       "    </tr>\n",
       "    <tr>\n",
       "      <th>4</th>\n",
       "      <td>2010-07-06</td>\n",
       "      <td>20.000000</td>\n",
       "      <td>20.00</td>\n",
       "      <td>15.830000</td>\n",
       "      <td>16.110001</td>\n",
       "      <td>6866900</td>\n",
       "      <td>16.110001</td>\n",
       "    </tr>\n",
       "  </tbody>\n",
       "</table>\n",
       "</div>"
      ],
      "text/plain": [
       "        Date       Open   High        Low      Close    Volume  Adj Close\n",
       "0 2010-06-29  19.000000  25.00  17.540001  23.889999  18766300  23.889999\n",
       "1 2010-06-30  25.790001  30.42  23.299999  23.830000  17187100  23.830000\n",
       "2 2010-07-01  25.000000  25.92  20.270000  21.959999   8218800  21.959999\n",
       "3 2010-07-02  23.000000  23.10  18.709999  19.200001   5139800  19.200001\n",
       "4 2010-07-06  20.000000  20.00  15.830000  16.110001   6866900  16.110001"
      ]
     },
     "execution_count": 34,
     "metadata": {},
     "output_type": "execute_result"
    }
   ],
   "source": [
    "df.head()"
   ]
  },
  {
   "cell_type": "markdown",
   "id": "a78c338f-92d7-42d3-a090-0c73fc333d84",
   "metadata": {},
   "source": [
    "\n",
    "The Date column was converted to datetime format and the data was sorted in chronological order.\n"
   ]
  },
  {
   "cell_type": "code",
   "execution_count": 36,
   "id": "b88ba274-5063-42bc-9b1f-6a0391b8c650",
   "metadata": {},
   "outputs": [
    {
     "data": {
      "text/plain": [
       "'../data/processed/tesla_stock_processed.csv'"
      ]
     },
     "execution_count": 36,
     "metadata": {},
     "output_type": "execute_result"
    }
   ],
   "source": [
    "\n",
    "processed_path = \"../data/processed/tesla_stock_processed.csv\"\n",
    "df.to_csv(processed_path, index=False)\n",
    "\n",
    "processed_path\n"
   ]
  },
  {
   "cell_type": "markdown",
   "id": "4c4e9d72-7a64-4e79-855f-5518eec182e0",
   "metadata": {},
   "source": [
    "### Saving Processed Data\n",
    "\n",
    "After basic data understanding and date formatting, the cleaned dataset was saved separately.\n",
    "This ensures that all future analysis uses a consistent and prepared version of the data, while keeping the original raw data unchanged.\n"
   ]
  },
  {
   "cell_type": "code",
   "execution_count": null,
   "id": "4881853e-f083-4211-baad-eb72ec469cbd",
   "metadata": {},
   "outputs": [],
   "source": []
  }
 ],
 "metadata": {
  "kernelspec": {
   "display_name": "Python 3 (ipykernel)",
   "language": "python",
   "name": "python3"
  },
  "language_info": {
   "codemirror_mode": {
    "name": "ipython",
    "version": 3
   },
   "file_extension": ".py",
   "mimetype": "text/x-python",
   "name": "python",
   "nbconvert_exporter": "python",
   "pygments_lexer": "ipython3",
   "version": "3.13.2"
  }
 },
 "nbformat": 4,
 "nbformat_minor": 5
}
